0 0 0
0.02 8.50386 10.1023
0.04 16.7617 16.8372
0.06 24.5355 23.572
0.08 31.6031 30.3069
0.1 37.7652 37.0418
0.12 42.8522 43.7766
0.14 46.7291 47.1441
0.16 49.3001 50.5115
0.18 50.5115 50.5115
0.2 50.353 50.5115
0.22 48.8578 50.5115
0.24 46.1012 47.1441
0.26 42.1977 43.7766
0.28 37.2968 37.0418
0.3 31.5776 30.3069
0.32 25.2425 23.572
0.34 18.5104 16.8372
0.36 11.6088 10.1023
0.38 4.76603 3.36743
0.4 -1.79611 -3.36743
0.42 -7.87027 -6.73487
0.44 -13.2702 -13.4697
0.46 -17.8369 -16.8372
0.48 -21.4436 -20.2046
0.5 -24 -23.572
0.52 -25.4543 -26.9395
0.54 -25.795 -26.9395
0.56 -25.0502 -23.572
0.58 -23.2864 -23.572
0.6 -20.6052 -20.2046
0.62 -17.1395 -16.8372
0.64 -13.0477 -13.4697
0.66 -8.50809 -10.1023
0.68 -3.71195 -3.36743
0.7 1.14378 0
0.72 5.86363 6.73487
0.74 10.2609 10.1023
0.76 14.1644 13.4697
0.78 17.4246 16.8372
0.8 19.9192 20.2046
0.82 21.5571 20.2046
0.84 22.2816 23.572
0.86 22.0727 23.572
0.88 20.9467 20.2046
0.9 18.9561 20.2046
0.92 16.187 16.8372
0.94 12.7555 13.4697
0.96 8.80361 10.1023
0.98 4.49319 3.36743
1 8.81717e-15 0
1.02 -4.49319 -3.36743
1.04 -8.80361 -10.1023
1.06 -12.7555 -13.4697
1.08 -16.187 -16.8372
1.1 -18.9561 -20.2046
1.12 -20.9467 -20.2046
1.14 -22.0727 -23.572
1.16 -22.2816 -23.572
1.18 -21.5571 -20.2046
1.2 -19.9192 -20.2046
1.22 -17.4246 -16.8372
1.24 -14.1644 -13.4697
1.26 -10.2609 -10.1023
1.28 -5.86363 -6.73487
1.3 -1.14378 0
1.32 3.71195 3.36743
1.34 8.50809 10.1023
1.36 13.0477 13.4697
1.38 17.1395 16.8372
1.4 20.6052 20.2046
1.42 23.2864 23.572
1.44 25.0502 23.572
1.46 25.795 26.9395
1.48 25.4543 26.9395
1.5 24 23.572
1.52 21.4436 20.2046
1.54 17.8369 16.8372
1.56 13.2702 13.4697
1.58 7.87027 6.73487
1.6 1.79611 3.36743
1.62 -4.76603 -3.36743
1.64 -11.6088 -10.1023
1.66 -18.5104 -16.8372
1.68 -25.2425 -23.572
1.7 -31.5776 -30.3069
1.72 -37.2968 -37.0418
1.74 -42.1977 -43.7766
1.76 -46.1012 -47.1441
1.78 -48.8578 -50.5115
1.8 -50.353 -50.5115
1.82 -50.5115 -50.5115
1.84 -49.3001 -50.5115
1.86 -46.7291 -47.1441
1.88 -42.8522 -43.7766
1.9 -37.7652 -37.0418
1.92 -31.6031 -30.3069
1.94 -24.5355 -23.572
1.96 -16.7617 -16.8372
1.98 -8.50386 -10.1023
