0 0
0.02 10.1023
0.04 16.8372
0.06 23.572
0.08 30.3069
0.1 37.0418
0.12 43.7766
0.14 47.1441
0.16 50.5115
0.18 50.5115
0.2 50.5115
0.22 50.5115
0.24 47.1441
0.26 43.7766
0.28 37.0418
0.3 30.3069
0.32 23.572
0.34 16.8372
0.36 10.1023
0.38 3.36743
0.4 -3.36743
0.42 -6.73487
0.44 -13.4697
0.46 -16.8372
0.48 -20.2046
0.5 -23.572
0.52 -26.9395
0.54 -26.9395
0.56 -23.572
0.58 -23.572
0.6 -20.2046
0.62 -16.8372
0.64 -13.4697
0.66 -10.1023
0.68 -3.36743
0.7 0
0.72 6.73487
0.74 10.1023
0.76 13.4697
0.78 16.8372
0.8 20.2046
0.82 20.2046
0.84 23.572
0.86 23.572
0.88 20.2046
0.9 20.2046
0.92 16.8372
0.94 13.4697
0.96 10.1023
0.98 3.36743
1 0
1.02 -3.36743
1.04 -10.1023
1.06 -13.4697
1.08 -16.8372
1.1 -20.2046
1.12 -20.2046
1.14 -23.572
1.16 -23.572
1.18 -20.2046
1.2 -20.2046
1.22 -16.8372
1.24 -13.4697
1.26 -10.1023
1.28 -6.73487
1.3 0
1.32 3.36743
1.34 10.1023
1.36 13.4697
1.38 16.8372
1.4 20.2046
1.42 23.572
1.44 23.572
1.46 26.9395
1.48 26.9395
1.5 23.572
1.52 20.2046
1.54 16.8372
1.56 13.4697
1.58 6.73487
1.6 3.36743
1.62 -3.36743
1.64 -10.1023
1.66 -16.8372
1.68 -23.572
1.7 -30.3069
1.72 -37.0418
1.74 -43.7766
1.76 -47.1441
1.78 -50.5115
1.8 -50.5115
1.82 -50.5115
1.84 -50.5115
1.86 -47.1441
1.88 -43.7766
1.9 -37.0418
1.92 -30.3069
1.94 -23.572
1.96 -16.8372
1.98 -10.1023
