0 0
0.02 8.50386
0.04 16.7617
0.06 24.5355
0.08 31.6031
0.1 37.7652
0.12 42.8522
0.14 46.7291
0.16 49.3001
0.18 50.5115
0.2 50.353
0.22 48.8578
0.24 46.1012
0.26 42.1977
0.28 37.2968
0.3 31.5776
0.32 25.2425
0.34 18.5104
0.36 11.6088
0.38 4.76603
0.4 -1.79611
0.42 -7.87027
0.44 -13.2702
0.46 -17.8369
0.48 -21.4436
0.5 -24
0.52 -25.4543
0.54 -25.795
0.56 -25.0502
0.58 -23.2864
0.6 -20.6052
0.62 -17.1395
0.64 -13.0477
0.66 -8.50809
0.68 -3.71195
0.7 1.14378
0.72 5.86363
0.74 10.2609
0.76 14.1644
0.78 17.4246
0.8 19.9192
0.82 21.5571
0.84 22.2816
0.86 22.0727
0.88 20.9467
0.9 18.9561
0.92 16.187
0.94 12.7555
0.96 8.80361
0.98 4.49319
1 8.81717e-15
1.02 -4.49319
1.04 -8.80361
1.06 -12.7555
1.08 -16.187
1.1 -18.9561
1.12 -20.9467
1.14 -22.0727
1.16 -22.2816
1.18 -21.5571
1.2 -19.9192
1.22 -17.4246
1.24 -14.1644
1.26 -10.2609
1.28 -5.86363
1.3 -1.14378
1.32 3.71195
1.34 8.50809
1.36 13.0477
1.38 17.1395
1.4 20.6052
1.42 23.2864
1.44 25.0502
1.46 25.795
1.48 25.4543
1.5 24
1.52 21.4436
1.54 17.8369
1.56 13.2702
1.58 7.87027
1.6 1.79611
1.62 -4.76603
1.64 -11.6088
1.66 -18.5104
1.68 -25.2425
1.7 -31.5776
1.72 -37.2968
1.74 -42.1977
1.76 -46.1012
1.78 -48.8578
1.8 -50.353
1.82 -50.5115
1.84 -49.3001
1.86 -46.7291
1.88 -42.8522
1.9 -37.7652
1.92 -31.6031
1.94 -24.5355
1.96 -16.7617
1.98 -8.50386
