Матрица A:
14 2 41
53 66 76
76 28 6

Матрица B:
5 96 27
92 22 42
28 43 41

Результирующая матрица A (умноженная на  2.500000):
35 5 102.5
132.5 165 190
190 70 15

Поэлементное умножение матриц A и B:
70 192 1107
4876 1452 3192
2128 1204 246

Матричное умножение матриц A и B:
1402 3151 2143
564357 9808 7319
3124 8170 3474

Матричное сложение:
19 98 68
145 88 118
104 71 47

Матричное вычитание:
9 -94 14
-39 44 34
48 -15 -35

Транспонирование матрицы A:
14 53 76
2 66 28
41 76 6
